0 N 2 53 67
0 N 3 53 340
0 N 4 493 223
0 N 5 53 421
0 N 7 283 223
0 L 2 7
0 L 3 7
0 L 4 7
0 L 7 2
0 L 7 3
0 L 7 4
0 P 2 7 0.000204 0.01 0.010204
0.010204 P 7 4 0.010444 0.030204 0.030444
0.030444 P 4 7 0.030684 0.050444 0.050684
0.050684 P 7 2 0.050888 0.060684 0.060888
0.060888 P 2 7 0.061076 0.070888 0.071076
0.071076 P 7 4 0.07129717647 0.091076 0.09129717647
0.1 P 3 7 0.104236 0.11 0.114236
0.108 P 3 7 0.112236 0.118 0.122236
0.114236 P 7 4 0.119219529411 0.134236 0.139219529411
0.116 P 3 7 0.120236 0.126 0.130236
0.122236 P 7 4 0.127219529411 0.142236 0.147219529411
0.124 P 3 7 0.128236 0.134 0.138236
0.130236 P 7 4 0.135219529411 0.150236 0.155219529411
0.132 P 3 7 0.136236 0.142 0.146236
0.138236 P 7 4 0.143219529411 0.158236 0.163219529411
0.14 P 3 7 0.144236 0.15 0.154236
0.146236 P 7 4 0.151219529411 0.166236 0.171219529411
0.148 P 3 7 0.152236 0.158 0.162236
0.154236 P 7 4 0.159219529411 0.174236 0.179219529411
0.156 P 3 7 0.160236 0.166 0.170236
0.162236 P 7 4 0.167219529411 0.182236 0.187219529411
0.164 P 3 7 0.168236 0.174 0.178236
0.170236 P 7 4 0.175219529411 0.190236 0.195219529411
0.172 P 3 7 0.176236 0.182 0.186236
0.178236 P 7 4 0.183219529411 0.198236 0.203219529411
0.18 P 3 7 0.184236 0.19 0.194236
0.186236 P 7 4 0.191219529411 0.206236 0.211219529411
0.188 P 3 7 0.192236 0.198 0.202236
0.194236 P 7 4 0.199219529411 0.214236 0.219219529411
0.196 P 3 7 0.200236 0.206 0.210236
0.202236 P 7 4 0.207219529411 0.222236 0.227219529411
0.204 P 3 7 0.208236 0.214 0.218236
0.210236 P 7 4 0.215219529411 0.230236 0.235219529411
0.212 P 3 7 0.216236 0.222 0.226236
0.218236 P 7 4 0.223219529411 0.238236 0.243219529411
0.22 P 3 7 0.224236 0.23 0.234236
0.226236 P 7 4 0.231219529411 0.246236 0.251219529411
0.228 P 3 7 0.232236 0.238 0.242236
0.234236 P 7 4 0.239219529411 0.254236 0.259219529411
0.236 P 3 7 0.240236 0.246 0.250236
0.242236 P 7 4 0.247219529411 0.262236 0.267219529411
0.244 P 3 7 0.248236 0.254 0.258236
0.250236 P 7 4 0.255219529411 0.270236 0.275219529411
0.252 P 3 7 0.256236 0.262 0.266236
0.258236 P 7 4 0.263219529411 0.278236 0.283219529411
0.26 P 3 7 0.264236 0.27 0.274236
0.266236 P 7 4 0.271219529411 0.286236 0.291219529411
0.268 P 3 7 0.272236 0.278 0.282236
0.274236 P 7 4 0.279219529411 0.294236 0.299219529411
0.276 P 3 7 0.280236 0.286 0.290236
0.282236 P 7 4 0.287219529411 0.302236 0.307219529411
0.284 P 3 7 0.288236 0.294 0.298236
0.290236 P 7 4 0.295219529411 0.310236 0.315219529411
0.292 P 3 7 0.296236 0.302 0.306236
0.298236 P 7 4 0.303219529411 0.318236 0.323219529411
0.3 P 3 7 0.304236 0.31 0.314236
0.306236 P 7 4 0.311219529411 0.326236 0.331219529411
0.308 P 3 7 0.312236 0.318 0.322236
0.314236 P 7 4 0.319219529411 0.334236 0.339219529411
0.316 P 3 7 0.320236 0.326 0.330236
0.322236 P 7 4 0.327219529411 0.342236 0.347219529411
0.324 P 3 7 0.328236 0.334 0.338236
0.330236 P 7 4 0.335219529411 0.350236 0.355219529411
0.332 P 3 7 0.336236 0.342 0.346236
0.338236 P 7 4 0.343219529411 0.358236 0.363219529411
0.34 P 3 7 0.344236 0.35 0.354236
0.346236 P 7 4 0.351219529411 0.366236 0.371219529411
0.348 P 3 7 0.352236 0.358 0.362236
0.354236 P 7 4 0.359219529411 0.374236 0.379219529411
0.356 P 3 7 0.360236 0.366 0.370236
0.362236 P 7 4 0.367219529411 0.382236 0.387219529411
0.364 P 3 7 0.368236 0.374 0.378236
0.370236 P 7 4 0.375219529411 0.390236 0.395219529411
0.372 P 3 7 0.376236 0.382 0.386236
0.378236 P 7 4 0.383219529411 0.398236 0.403219529411
0.38 P 3 7 0.384236 0.39 0.394236
0.386236 P 7 4 0.391219529411 0.406236 0.411219529411
0.388 P 3 7 0.392236 0.398 0.402236
0.394236 P 7 4 0.399219529411 0.414236 0.419219529411
0.396 P 3 7 0.400236 0.406 0.410236
0.402236 P 7 4 0.407219529411 0.422236 0.427219529411
0.404 P 3 7 0.408236 0.414 0.418236
0.410236 P 7 4 0.415219529411 0.430236 0.435219529411
0.412 P 3 7 0.416236 0.422 0.426236
0.418236 P 7 4 0.423219529411 0.438236 0.443219529411
0.42 P 3 7 0.424236 0.43 0.434236
0.426236 P 7 4 0.431219529411 0.446236 0.451219529411
0.428 P 3 7 0.432236 0.438 0.442236
0.434236 P 7 4 0.439219529411 0.454236 0.459219529411
0.436 P 3 7 0.440236 0.446 0.450236
0.442236 P 7 4 0.447219529411 0.462236 0.467219529411
0.444 P 3 7 0.448236 0.454 0.458236
0.450236 P 7 4 0.455219529411 0.470236 0.475219529411
0.452 P 3 7 0.456236 0.462 0.466236
0.458236 P 7 4 0.463219529411 0.478236 0.483219529411
0.46 P 3 7 0.464236 0.47 0.474236
0.466236 P 7 4 0.471219529411 0.486236 0.491219529411
0.468 P 3 7 0.472236 0.478 0.482236
0.474236 P 7 4 0.479219529411 0.494236 0.499219529411
0.476 P 3 7 0.480236 0.486 0.490236
0.482236 P 7 4 0.487219529411 0.502236 0.507219529411
0.484 P 3 7 0.488236 0.494 0.498236
0.490236 P 7 4 0.495219529411 0.510236 0.515219529411
0.492 P 3 7 0.496236 0.502 0.506236
0.498236 P 7 4 0.503219529411 0.518236 0.523219529411
0.5 P 3 7 0.504236 0.51 0.514236
0.506236 P 7 4 0.511219529411 0.526236 0.531219529411
0.508 P 3 7 0.512236 0.518 0.522236
0.514236 P 7 4 0.519219529411 0.534236 0.539219529411
0.516 P 3 7 0.520236 0.526 0.530236
0.522236 P 7 4 0.527219529411 0.542236 0.547219529411
0.524 P 3 7 0.528236 0.534 0.538236
0.530236 P 7 4 0.535219529411 0.550236 0.555219529411
0.532 P 3 7 0.536236 0.542 0.546236
0.538236 P 7 4 0.543219529411 0.558236 0.563219529411
0.54 P 3 7 0.544236 0.55 0.554236
0.546236 P 7 4 0.551219529411 0.566236 0.571219529411
0.548 P 3 7 0.552236 0.558 0.562236
0.554236 P 7 4 0.559219529411 0.574236 0.579219529411
0.556 P 3 7 0.560236 0.566 0.570236
0.562236 P 7 4 0.567219529411 0.582236 0.587219529411
0.564 P 3 7 0.568236 0.574 0.578236
0.570236 P 7 4 0.575219529411 0.590236 0.595219529411
0.572 P 3 7 0.576236 0.582 0.586236
0.578236 P 7 4 0.583219529411 0.598236 0.603219529411
0.58 P 3 7 0.584236 0.59 0.594236
0.586236 P 7 4 0.591219529411 0.606236 0.611219529411
0.588 P 3 7 0.592236 0.598 0.602236
0.594236 P 7 4 0.599219529411 0.614236 0.619219529411
0.596 P 3 7 0.600236 0.606 0.610236
0.602236 P 7 4 0.607219529411 0.622236 0.627219529411
0.604 P 3 7 0.608236 0.614 0.618236
0.610236 P 7 4 0.615219529411 0.630236 0.635219529411
0.612 P 3 7 0.616236 0.622 0.626236
0.618236 P 7 4 0.623219529411 0.638236 0.643219529411
0.62 P 3 7 0.624236 0.63 0.634236
0.626236 P 7 4 0.631219529411 0.646236 0.651219529411
0.628 P 3 7 0.632236 0.638 0.642236
0.634236 P 7 4 0.639219529411 0.654236 0.659219529411
0.636 P 3 7 0.640236 0.646 0.650236
0.642236 P 7 4 0.647219529411 0.662236 0.667219529411
0.644 P 3 7 0.648236 0.654 0.658236
0.650236 P 7 4 0.655219529411 0.670236 0.675219529411
0.652 P 3 7 0.656236 0.662 0.666236
0.658236 P 7 4 0.663219529411 0.678236 0.683219529411
0.66 P 3 7 0.664236 0.67 0.674236
0.666236 P 7 4 0.671219529411 0.686236 0.691219529411
0.668 P 3 7 0.672236 0.678 0.682236
0.674236 P 7 4 0.679219529411 0.694236 0.699219529411
0.676 P 3 7 0.680236 0.686 0.690236
0.682236 P 7 4 0.687219529411 0.702236 0.707219529411
0.684 P 3 7 0.688236 0.694 0.698236
0.690236 P 7 4 0.695219529411 0.710236 0.715219529411
0.692 P 3 7 0.696236 0.702 0.706236
0.698236 P 7 4 0.703219529411 0.718236 0.723219529411
0.7 P 3 7 0.704236 0.71 0.714236
0.706236 P 7 4 0.711219529411 0.726236 0.731219529411
0.708 P 3 7 0.712236 0.718 0.722236
0.714236 P 7 4 0.719219529411 0.734236 0.739219529411
0.716 P 3 7 0.720236 0.726 0.730236
0.722236 P 7 4 0.727219529411 0.742236 0.747219529411
0.724 P 3 7 0.728236 0.734 0.738236
0.730236 P 7 4 0.735219529411 0.750236 0.755219529411
0.732 P 3 7 0.736236 0.742 0.746236
0.738236 P 7 4 0.743219529411 0.758236 0.763219529411
0.74 P 3 7 0.744236 0.75 0.754236
0.746236 P 7 4 0.751219529411 0.766236 0.771219529411
0.748 P 3 7 0.752236 0.758 0.762236
0.754236 P 7 4 0.759219529411 0.774236 0.779219529411
0.756 P 3 7 0.760236 0.766 0.770236
0.762236 P 7 4 0.767219529411 0.782236 0.787219529411
0.764 P 3 7 0.768236 0.774 0.778236
0.770236 P 7 4 0.775219529411 0.790236 0.795219529411
0.772 P 3 7 0.776236 0.782 0.786236
0.778236 P 7 4 0.783219529411 0.798236 0.803219529411
0.78 P 3 7 0.784236 0.79 0.794236
0.786236 P 7 4 0.791219529411 0.806236 0.811219529411
0.788 P 3 7 0.792236 0.798 0.802236
0.794236 P 7 4 0.799219529411 0.814236 0.819219529411
0.796 P 3 7 0.800236 0.806 0.810236
0.802236 P 7 4 0.807219529411 0.822236 0.827219529411
0.804 P 3 7 0.808236 0.814 0.818236
0.810236 P 7 4 0.815219529411 0.830236 0.835219529411
0.812 P 3 7 0.816236 0.822 0.826236
0.818236 P 7 4 0.823219529411 0.838236 0.843219529411
0.82 P 3 7 0.824236 0.83 0.834236
0.826236 P 7 4 0.831219529411 0.846236 0.851219529411
0.828 P 3 7 0.832236 0.838 0.842236
0.834236 P 7 4 0.839219529411 0.854236 0.859219529411
0.836 P 3 7 0.840236 0.846 0.850236
0.842236 P 7 4 0.847219529411 0.862236 0.867219529411
0.844 P 3 7 0.848236 0.854 0.858236
0.850236 P 7 4 0.855219529411 0.870236 0.875219529411
0.852 P 3 7 0.856236 0.862 0.866236
0.858236 P 7 4 0.863219529411 0.878236 0.883219529411
0.86 P 3 7 0.864236 0.87 0.874236
0.866236 P 7 4 0.871219529411 0.886236 0.891219529411
0.868 P 3 7 0.872236 0.878 0.882236
0.874236 P 7 4 0.879219529411 0.894236 0.899219529411
0.876 P 3 7 0.880236 0.886 0.890236
0.882236 P 7 4 0.887219529411 0.902236 0.907219529411
0.884 P 3 7 0.888236 0.894 0.898236
0.890236 P 7 4 0.895219529411 0.910236 0.915219529411
0.892 P 3 7 0.896236 0.902 0.906236
0.898236 P 7 4 0.903219529411 0.918236 0.923219529411
0.9 P 3 7 0.904236 0.91 0.914236
0.906236 P 7 4 0.911219529411 0.926236 0.931219529411
0.908 P 3 7 0.912236 0.918 0.922236
0.914236 P 7 4 0.919219529411 0.934236 0.939219529411
0.916 P 3 7 0.920236 0.926 0.930236
0.922236 P 7 4 0.927219529411 0.942236 0.947219529411
0.924 P 3 7 0.928236 0.934 0.938236
0.930236 P 7 4 0.935219529411 0.950236 0.955219529411
0.932 P 3 7 0.936236 0.942 0.946236
0.938236 P 7 4 0.943219529411 0.958236 0.963219529411
0.94 P 3 7 0.944236 0.95 0.954236
0.946236 P 7 4 0.951219529411 0.966236 0.971219529411
0.948 P 3 7 0.952236 0.958 0.962236
0.954236 P 7 4 0.959219529411 0.974236 0.979219529411
0.956 P 3 7 0.960236 0.966 0.970236
0.962236 P 7 4 0.967219529411 0.982236 0.987219529411
0.964 P 3 7 0.968236 0.974 0.978236
0.970236 P 7 4 0.975219529411 0.990236 0.995219529411
0.972 P 3 7 0.976236 0.982 0.986236
0.978236 P 7 4 0.983219529411 0.998236 1.003219529411
0.98 P 3 7 0.984236 0.99 0.994236
0.986236 P 7 4 0.991219529411 1.006236 1.011219529411
0.988 P 3 7 0.992236 0.998 1.002236
0.994236 P 7 4 0.999219529411 1.014236 1.019219529411
0.996 P 3 7 1.000236 1.006 1.010236
1 P 2 7 1.004283999999 1.01 1.014283999999
1.002236 P 7 4 1.007219529411 1.022236 1.027219529411
1.004 P 3 7 1.008236 1.014 1.018236
1.010236 P 7 4 1.015219529411 1.030236 1.035219529411
1.012 P 3 7 1.016236 1.022 1.026236
1.015219529411 P 7 4 1.020259529411 1.035219529411 1.040259529411
1.02 P 3 7 1.024236 1.03 1.034236
1.020259529411 P 7 4 1.025243058822 1.040259529411 1.045243058822
1.026236 P 7 4 1.031219529411 1.046236 1.051219529411
1.028 P 3 7 1.032236 1.038 1.042236
1.034236 P 7 4 1.039219529411 1.054236 1.059219529411
1.036 P 3 7 1.040236 1.046 1.050236
1.040259529411 P 4 7 1.040480705881 1.060259529411 1.060480705881
1.042236 P 7 4 1.047219529411 1.062236 1.067219529411
1.044 P 3 7 1.048236 1.054 1.058236
1.050236 P 7 4 1.055219529411 1.070236 1.075219529411
1.052 P 3 7 1.056236 1.062 1.066236
1.058236 P 7 4 1.063219529411 1.078236 1.083219529411
1.06 P 3 7 1.064236 1.07 1.074236
1.060480705881 P 7 2 1.060668705881 1.070480705881 1.070668705881
1.066236 P 7 4 1.071219529411 1.086236 1.091219529411
1.068 P 3 7 1.072236 1.078 1.082236
1.070668705881 P 2 7 1.07495270588 1.080668705881 1.08495270588
1.074236 P 7 4 1.079219529411 1.094236 1.099219529411
1.07495270588 P 2 7 1.079236705879 1.08495270588 1.089236705879
1.076 P 3 7 1.080236 1.086 1.090236
1.082236 P 7 4 1.087219529411 1.102236 1.107219529411
1.084 P 3 7 1.088236 1.094 1.098236
1.087219529411 P 7 4 1.092259529411 1.107219529411 1.112259529411
1.092 P 3 7 1.096236 1.102 1.106236
1.092259529411 P 7 4 1.097299529411 1.112259529411 1.117299529411
1.097299529411 P 7 4 1.102283058822 1.117299529411 1.122283058822
1.1 P 3 7 1.104236 1.11 1.114236
1.102283058822 P 7 4 1.107266588233 1.122283058822 1.127266588233
1.107266588233 P 7 4 1.112250117644 1.127266588233 1.132250117644
1.108 P 3 7 1.112236 1.118 1.122236
1.112259529411 P 4 7 1.112480705881 1.132259529411 1.132480705881
1.114236 P 7 4 1.119219529411 1.134236 1.139219529411
1.116 P 3 7 1.120236 1.126 1.130236
1.117299529411 P 4 7 1.117520705881 1.137299529411 1.137520705881
1.122236 P 7 4 1.127219529411 1.142236 1.147219529411
1.124 P 3 7 1.128236 1.134 1.138236
1.130236 P 7 4 1.135219529411 1.150236 1.155219529411
1.132 P 3 7 1.136236 1.142 1.146236
1.132480705881 P 7 2 1.132668705881 1.142480705881 1.142668705881
1.137520705881 P 7 2 1.137708705881 1.147520705881 1.147708705881
1.138236 P 7 4 1.143219529411 1.158236 1.163219529411
1.14 P 3 7 1.144236 1.15 1.154236
1.142668705881 P 2 7 1.14695270588 1.152668705881 1.15695270588
1.146236 P 7 4 1.151219529411 1.166236 1.171219529411
1.14695270588 P 2 7 1.151236705879 1.15695270588 1.161236705879
1.148 P 3 7 1.152236 1.158 1.162236
1.151236705879 P 2 7 1.155520705878 1.161236705879 1.165520705878
1.154236 P 7 4 1.159219529411 1.174236 1.179219529411
1.155520705878 P 2 7 1.159804705877 1.165520705878 1.169804705877
1.156 P 3 7 1.160236 1.166 1.170236
1.159219529411 P 7 4 1.164259529411 1.179219529411 1.184259529411
1.164 P 3 7 1.168236 1.174 1.178236
1.164259529411 P 7 4 1.169299529411 1.184259529411 1.189299529411
1.169299529411 P 7 4 1.174283058822 1.189299529411 1.194283058822
1.172 P 3 7 1.176236 1.182 1.186236
1.174283058822 P 7 4 1.179323058822 1.194283058822 1.199323058822
1.179323058822 P 7 4 1.184363058822 1.199323058822 1.204363058822
1.18 P 3 7 1.184236 1.19 1.194236
1.184259529411 P 4 7 1.184480705881 1.204259529411 1.204480705881
1.184363058822 P 7 4 1.189346588233 1.204363058822 1.209346588233
1.188 P 3 7 1.192236 1.198 1.202236
1.189299529411 P 4 7 1.189520705881 1.209299529411 1.209520705881
1.189346588233 P 7 4 1.194330117644 1.209346588233 1.214330117644
1.194330117644 P 7 4 1.199313647055 1.214330117644 1.219313647055
1.196 P 3 7 1.200236 1.206 1.210236
1.199313647055 P 7 4 1.204297176466 1.219313647055 1.224297176466
1.199323058822 P 4 7 1.199544235292 1.219323058822 1.219544235292
1.204 P 3 7 1.208236 1.214 1.218236
1.204297176466 P 7 4 1.209280705877 1.224297176466 1.229280705877
1.204363058822 P 4 7 1.204584235292 1.224363058822 1.224584235292
1.204480705881 P 7 2 1.204668705881 1.214480705881 1.214668705881
1.209520705881 P 7 2 1.209708705881 1.219520705881 1.219708705881
1.210236 P 7 4 1.215219529411 1.230236 1.235219529411
1.212 P 3 7 1.216236 1.222 1.226236
1.214668705881 P 2 7 1.21895270588 1.224668705881 1.22895270588
1.218236 P 7 4 1.223219529411 1.238236 1.243219529411
1.21895270588 P 2 7 1.223236705879 1.22895270588 1.233236705879
1.219544235292 P 7 2 1.219732235292 1.229544235292 1.229732235292
1.22 P 3 7 1.224236 1.23 1.234236
1.223236705879 P 2 7 1.227520705878 1.233236705879 1.237520705878
1.224584235292 P 7 2 1.224772235292 1.234584235292 1.234772235292
1.226236 P 7 4 1.231219529411 1.246236 1.251219529411
1.227520705878 P 2 7 1.231804705877 1.237520705878 1.241804705877
1.228 P 3 7 1.232236 1.238 1.242236
1.231219529411 P 7 4 1.236259529411 1.251219529411 1.256259529411
1.231804705877 P 2 7 1.236088705876 1.241804705877 1.246088705876
1.236 P 3 7 1.240236 1.246 1.250236
1.236088705876 P 2 7 1.240372705875 1.246088705876 1.250372705875
1.236259529411 P 7 4 1.241299529411 1.256259529411 1.261299529411
1.240372705875 P 2 7 1.244656705874 1.250372705875 1.254656705874
1.241299529411 P 7 4 1.246283058822 1.261299529411 1.266283058822
1.244 P 3 7 1.248236 1.254 1.258236
1.244656705874 P 2 7 1.248940705873 1.254656705874 1.258940705873
1.246283058822 P 7 4 1.251323058822 1.266283058822 1.271323058822
1.251323058822 P 7 4 1.256363058822 1.271323058822 1.276363058822
1.252 P 3 7 1.256236 1.262 1.266236
1.256259529411 P 4 7 1.256480705881 1.276259529411 1.276480705881
1.256363058822 P 7 4 1.261346588233 1.276363058822 1.281346588233
1.26 P 3 7 1.264236 1.27 1.274236
1.261299529411 P 4 7 1.261520705881 1.281299529411 1.281520705881
1.261346588233 P 7 4 1.266386588233 1.281346588233 1.286386588233
1.266386588233 P 7 4 1.271370117644 1.286386588233 1.291370117644
1.268 P 3 7 1.272236 1.278 1.282236
1.271323058822 P 4 7 1.271544235292 1.291323058822 1.291544235292
1.271370117644 P 7 4 1.276410117644 1.291370117644 1.296410117644
1.276 P 3 7 1.280236 1.286 1.290236
1.276363058822 P 4 7 1.276584235292 1.296363058822 1.296584235292
1.276410117644 P 7 4 1.281450117644 1.296410117644 1.301450117644
1.276480705881 P 7 2 1.276668705881 1.286480705881 1.286668705881
1.281450117644 P 7 4 1.286433647055 1.301450117644 1.306433647055
1.281520705881 P 7 2 1.281708705881 1.291520705881 1.291708705881
1.284 P 3 7 1.288236 1.294 1.298236
1.286386588233 P 4 7 1.286607764703 1.306386588233 1.306607764703
1.286433647055 P 7 4 1.291473647055 1.306433647055 1.311473647055
1.286668705881 P 2 7 1.29095270588 1.296668705881 1.30095270588
1.29095270588 P 2 7 1.295236705879 1.30095270588 1.305236705879
1.291473647055 P 7 4 1.296457176466 1.311473647055 1.316457176466
1.291544235292 P 7 2 1.291732235292 1.301544235292 1.301732235292
1.292 P 3 7 1.296236 1.302 1.306236
1.295236705879 P 2 7 1.299520705878 1.305236705879 1.309520705878
1.296410117644 P 4 7 1.296631294114 1.316410117644 1.316631294114
1.296457176466 P 7 4 1.301440705877 1.316457176466 1.321440705877
1.296584235292 P 7 2 1.296772235292 1.306584235292 1.306772235292
1.299520705878 P 2 7 1.303804705877 1.309520705878 1.313804705877
1.3 P 3 7 1.304236 1.31 1.314236
1.301440705877 P 7 4 1.306424235288 1.321440705877 1.326424235288
1.301450117644 P 4 7 1.301671294114 1.321450117644 1.321671294114
1.303804705877 P 2 7 1.308088705876 1.313804705877 1.318088705876
1.306424235288 P 7 4 1.311407764699 1.326424235288 1.331407764699
1.306607764703 P 7 2 1.306795764703 1.316607764703 1.316795764703
1.308 P 3 7 1.312236 1.318 1.322236
1.308088705876 P 2 7 1.312372705875 1.318088705876 1.322372705875
1.311407764699 P 7 4 1.31639129411 1.331407764699 1.33639129411
1.311473647055 P 4 7 1.311694823525 1.331473647055 1.331694823525
1.312372705875 P 2 7 1.316656705874 1.322372705875 1.326656705874
1.316 P 3 7 1.320236 1.326 1.330236
1.31639129411 P 7 4 1.32143129411 1.33639129411 1.34143129411
1.316631294114 P 7 2 1.316819294114 1.326631294114 1.326819294114
1.316656705874 P 2 7 1.320940705873 1.326656705874 1.330940705873
1.320940705873 P 2 7 1.325224705872 1.330940705873 1.335224705872
1.32143129411 P 7 4 1.32647129411 1.34143129411 1.34647129411
1.321671294114 P 7 2 1.321859294114 1.331671294114 1.331859294114
1.324 P 3 7 1.328236 1.334 1.338236
1.325224705872 P 2 7 1.329508705871 1.335224705872 1.339508705871
1.32647129411 P 7 4 1.331454823521 1.34647129411 1.351454823521
1.329508705871 P 2 7 1.33379270587 1.339508705871 1.34379270587
1.331454823521 P 7 4 1.336494823521 1.351454823521 1.356494823521
1.331694823525 P 7 2 1.331882823525 1.341694823525 1.341882823525
1.332 P 3 7 1.336236 1.342 1.346236
1.33379270587 P 2 7 1.338076705869 1.34379270587 1.348076705869
1.336494823521 P 7 4 1.341534823521 1.356494823521 1.361534823521
1.338076705869 P 2 7 1.342360705868 1.348076705869 1.352360705868
1.34 P 3 7 1.344236 1.35 1.354236
1.34143129411 P 4 7 1.34165247058 1.36143129411 1.36165247058
1.341534823521 P 7 4 1.346518352932 1.361534823521 1.366518352932
1.342360705868 P 2 7 1.346644705867 1.352360705868 1.356644705867
1.34647129411 P 4 7 1.34669247058 1.36647129411 1.36669247058
1.346518352932 P 7 4 1.351558352932 1.366518352932 1.371558352932
1.346644705867 P 2 7 1.350928705866 1.356644705867 1.360928705866
1.348 P 3 7 1.352236 1.358 1.362236
1.350928705866 P 2 7 1.355212705865 1.360928705866 1.365212705865
1.351558352932 P 7 4 1.356541882343 1.371558352932 1.376541882343
1.356 P 3 7 1.360236 1.366 1.370236
1.356494823521 P 4 7 1.356715999991 1.376494823521 1.376715999991
1.356541882343 P 7 4 1.361581882343 1.376541882343 1.381581882343
1.361534823521 P 4 7 1.361755999991 1.381534823521 1.381755999991
1.361581882343 P 7 4 1.366621882343 1.381581882343 1.386621882343
1.36165247058 P 7 2 1.36184047058 1.37165247058 1.37184047058
1.364 P 3 7 1.368236 1.374 1.378236
1.366621882343 P 7 4 1.371605411754 1.386621882343 1.391605411754
1.36669247058 P 7 2 1.36688047058 1.37669247058 1.37688047058
1.371558352932 P 4 7 1.371779529402 1.391558352932 1.391779529402
1.371605411754 P 7 4 1.376645411754 1.391605411754 1.396645411754
1.37184047058 P 2 7 1.376124470579 1.38184047058 1.386124470579
1.372 P 3 7 1.376236 1.382 1.386236
1.376124470579 P 2 7 1.380408470578 1.386124470579 1.390408470578
1.376645411754 P 7 4 1.381685411754 1.396645411754 1.401685411754
1.376715999991 P 7 2 1.376903999991 1.386715999991 1.386903999991
1.38 P 3 7 1.384236 1.39 1.394236
1.380408470578 P 2 7 1.384692470577 1.390408470578 1.394692470577
1.381581882343 P 4 7 1.381803058813 1.401581882343 1.401803058813
1.381685411754 P 7 4 1.386668941165 1.401685411754 1.406668941165
1.381755999991 P 7 2 1.381943999991 1.391755999991 1.391943999991
1.384692470577 P 2 7 1.388976470576 1.394692470577 1.398976470576
1.386621882343 P 4 7 1.386843058813 1.406621882343 1.406843058813
1.386668941165 P 7 4 1.391708941165 1.406668941165 1.411708941165
1.388 P 3 7 1.392236 1.398 1.402236
1.388976470576 P 2 7 1.393260470575 1.398976470576 1.403260470575
1.391708941165 P 7 4 1.396748941165 1.411708941165 1.416748941165
1.391779529402 P 7 2 1.391967529402 1.401779529402 1.401967529402
1.393260470575 P 2 7 1.397544470574 1.403260470575 1.407544470574
1.396 P 3 7 1.400236 1.406 1.410236
1.396645411754 P 4 7 1.396866588224 1.416645411754 1.416866588224
1.396748941165 P 7 4 1.401788941165 1.416748941165 1.421788941165
1.397544470574 P 2 7 1.401828470573 1.407544470574 1.411828470573
1.401685411754 P 4 7 1.401906588224 1.421685411754 1.421906588224
1.401788941165 P 7 4 1.406828941165 1.421788941165 1.426828941165
1.401803058813 P 7 2 1.401991058813 1.411803058813 1.411991058813
1.401828470573 P 2 7 1.406112470572 1.411828470573 1.416112470572
1.404 P 3 7 1.408236 1.414 1.418236
1.406112470572 P 2 7 1.410396470571 1.416112470572 1.420396470571
1.406828941165 P 7 4 1.411868941165 1.426828941165 1.431868941165
1.406843058813 P 7 2 1.407031058813 1.416843058813 1.417031058813
1.410396470571 P 2 7 1.41468047057 1.420396470571 1.42468047057
1.411708941165 P 4 7 1.411930117635 1.431708941165 1.431930117635
1.411868941165 P 7 4 1.416852470576 1.431868941165 1.436852470576
1.412 P 3 7 1.416236 1.422 1.426236
1.41468047057 P 2 7 1.418964470569 1.42468047057 1.428964470569
1.416748941165 P 4 7 1.416970117635 1.436748941165 1.436970117635
1.416852470576 P 7 4 1.421835999987 1.436852470576 1.441835999987
1.416866588224 P 7 2 1.417054588224 1.426866588224 1.427054588224
1.418964470569 P 2 7 1.423248470568 1.428964470569 1.433248470568
1.42 P 3 7 1.424236 1.43 1.434236
1.421788941165 P 4 7 1.422010117635 1.441788941165 1.442010117635
1.421835999987 P 7 4 1.426819529398 1.441835999987 1.446819529398
1.421906588224 P 7 2 1.422094588224 1.431906588224 1.432094588224
1.423248470568 P 2 7 1.427532470567 1.433248470568 1.437532470567
1.426819529398 P 7 4 1.431859529398 1.446819529398 1.451859529398
1.426828941165 P 4 7 1.427050117635 1.446828941165 1.447050117635
1.427532470567 P 2 7 1.431816470566 1.437532470567 1.441816470566
1.428 P 3 7 1.432236 1.438 1.442236
1.431816470566 P 2 7 1.436100470565 1.441816470566 1.446100470565
1.431859529398 P 7 4 1.436843058809 1.451859529398 1.456843058809
1.431868941165 P 4 7 1.432090117635 1.451868941165 1.452090117635
1.431930117635 P 7 2 1.432118117635 1.441930117635 1.442118117635
1.436 P 3 7 1.440236 1.446 1.450236
1.436100470565 P 2 7 1.440384470564 1.446100470565 1.450384470564
1.436843058809 P 7 4 1.441883058809 1.456843058809 1.461883058809
1.436970117635 P 7 2 1.437158117635 1.446970117635 1.447158117635
1.440384470564 P 2 7 1.444668470563 1.450384470564 1.454668470563
1.441883058809 P 7 4 1.44686658822 1.461883058809 1.46686658822
1.442010117635 P 7 2 1.442198117635 1.452010117635 1.452198117635
1.444 P 3 7 1.448236 1.454 1.458236
1.444668470563 P 2 7 1.448952470562 1.454668470563 1.458952470562
1.44686658822 P 7 4 1.45190658822 1.46686658822 1.47190658822
1.447050117635 P 7 2 1.447238117635 1.457050117635 1.457238117635
1.448952470562 P 2 7 1.453236470561 1.458952470562 1.463236470561
1.451859529398 P 4 7 1.452080705868 1.471859529398 1.472080705868
1.45190658822 P 7 4 1.456890117631 1.47190658822 1.476890117631
1.452 P 3 7 1.456236 1.462 1.466236
1.452090117635 P 7 2 1.452278117635 1.462090117635 1.462278117635
1.453236470561 P 2 7 1.45752047056 1.463236470561 1.46752047056
1.456890117631 P 7 4 1.461930117631 1.476890117631 1.481930117631
1.45752047056 P 2 7 1.461804470559 1.46752047056 1.471804470559
1.46 P 3 7 1.464236 1.47 1.474236
1.461804470559 P 2 7 1.466088470558 1.471804470559 1.476088470558
1.461883058809 P 4 7 1.462104235279 1.481883058809 1.482104235279
1.461930117631 P 7 4 1.466970117631 1.481930117631 1.486970117631
1.466088470558 P 2 7 1.470372470557 1.476088470558 1.480372470557
1.466970117631 P 7 4 1.471953647042 1.486970117631 1.491953647042
1.468 P 3 7 1.472236 1.478 1.482236
1.470372470557 P 2 7 1.474656470556 1.480372470557 1.484656470556
1.47190658822 P 4 7 1.47212776469 1.49190658822 1.49212776469
1.471953647042 P 7 4 1.476993647042 1.491953647042 1.496993647042
1.472080705868 P 7 2 1.472268705868 1.482080705868 1.482268705868
1.474656470556 P 2 7 1.478940470555 1.484656470556 1.488940470555
1.476 P 3 7 1.480236 1.486 1.490236
1.476993647042 P 7 4 1.482033647042 1.496993647042 1.502033647042
1.478940470555 P 2 7 1.483224470554 1.488940470555 1.493224470554
1.481930117631 P 4 7 1.482151294101 1.501930117631 1.502151294101
