0 N 2 39 227
0 N 3 506 227
0 N 4 53 421
0 N 6 181 227
0 N 7 342 227
0 L 2 6
0 L 3 7
0 L 6 2
0 L 6 7
0 L 7 6
0 L 7 3
0 P 2 6 0.000044 0.01 0.010044
0.010044 P 6 7 0.010924 0.030044 0.030924
0.030924 P 7 3 0.031364 0.040924 0.041364
0.041364 P 3 7 0.041804 0.051364 0.051804
0.051804 P 7 6 0.052684 0.071804 0.072684
0.072684 P 6 2 0.072728 0.082684 0.082728
0.082728 P 2 6 0.0827656 0.092728 0.0927656
0.0927656 P 6 7 0.0935176 0.1127656 0.1135176
0.1135176 P 7 3 0.1138936 0.1235176 0.1238936
1 P 2 6 1.0008568 1.01 1.0108568
1.0108568 P 6 7 1.027992799999 1.0308568 1.047992799999
